0 0.0040049552917481 0.00234794616699222 0.00240993499755863 0.00250697135925294 0.00238204002380375 0.00240898132324226 0.0024249553680427 0.00238204002380378 0.00345420837402349 0.002510070800781210 0.002450942993164111 0.002486944198608412 0.002515077590942413 0.003154039382934614 0.002493858337402315 0.002466917037963916 0.002737998962402317 0.003623962402343818 0.003606081008911119 0.002577066421508820 0.002480030059814521 0.002454996109008822 0.002897024154663123 0.002578973770141624 0.002531051635742225 0.00306105613708526 0.003376007080078127 0.002529144287109428 0.002760887145996129 0.002960920333862330 0.002460956573486331 0.002411127090454132 0.002403020858764633 0.002294063568115234 0.002920866012573235 0.002591848373413136 0.002901792526245137 0.002578020095825238 0.002690076828002939 0.002834081649780340 0.002628087997436541 0.00251412391662642 0.002465963363647543 0.003685951232910244 0.002609014511108445 0.002757072448730546 0.002469062805175847 0.002398967742919948 0.003296136856079149 0.002589941024780350 0.00251412391662651 0.002391815185546952 0.003805160522460953 0.003389120101928754 0.002711772918701255 0.002378940582275456 0.002486944198608457 0.002604007720947358 0.00316214561462459 0.002459049224853560 0.002639055252075261 0.002798080444335962 0.002588033676147563 0.002456903457641664 0.003077030181884865 0.002551078796386766 0.002379894256591867 0.002578020095825268 0.002663850784301869 0.003259897232055770 0.002737998962402371 0.002647161483764672 0.002428054809570373 0.002470970153808674 0.003197908401489375 0.002682924270629976 0.002364873886108477 0.002533912658691478 0.003042936325073279 0.003048896789550880 0.002562999725341881 0.002459049224853582 0.002429008483886783 0.002407073974609484 0.002930879592895585 0.002489089965820386 0.002526044845581187 0.003568887710571388 0.002889156341552789 0.002986907958984490 0.002578973770141691 0.002491950988769592 0.002524852752685593 0.002473115921020594 0.002534151077270595 0.00268793106079196 0.00247907638549897 0.003625869750976698 0.002551078796386799 0.00245094299316410 0.002357006072998
1 0.0024309158325195
2 0.0023999214172363
3 0.002467155456543
4 0.0024089813232422
5 0.0025670528411865
6 0.0025269985198975
7 0.0025680065155029
8 0.0026857852935791
9 0.0032310485839844
10 0.0025339126586914
11 0.0023279190063477
12 0.0023741722106934
13 0.0031270980834961
14 0.0025990009307861
15 0.0024330615997314
16 0.0026040077209473
17 0.0036158561706543
18 0.0026090145111084
19 0.0032401084899902
20 0.0025689601898193
21 0.0024640560150146
22 0.0024471282958984
23 0.0024938583374023
24 0.0024111270904541
25 0.002363920211792
26 0.0023250579833984
27 0.0035359859466553
28 0.0035510063171387
29 0.0028729438781738
30 0.0025210380554199
31 0.0023298263549805
32 0.003371000289917
33 0.0026290416717529
34 0.0024259090423584
35 0.0025918483734131
36 0.0035459995269775
37 0.0026159286499023
38 0.0029408931732178
39 0.003187894821167
40 0.0025260448455811
41 0.0025391578674316
42 0.002485990524292
43 0.0025570392608643
44 0.0025029182434082
45 0.0025150775909424
46 0.0034558773040771
47 0.002528190612793
48 0.0028359889984131
49 0.0023770332336426
50 0.0024120807647705
51 0.0024080276489258
52 0.0038571357727051
53 0.0025019645690918
54 0.0024659633636475
55 0.0028128623962402
56 0.0035569667816162
57 0.0030391216278076
58 0.0030410289764404
59 0.0026240348815918
60 0.002683162689209
61 0.0025670528411865
62 0.0025749206542969
63 0.0024549961090088
64 0.0025701522827148
65 0.0024480819702148
66 0.0027821063995361
67 0.0035738945007324
68 0.0026760101318359
69 0.002446174621582
70 0.0023741722106934
71 0.0035669803619385
72 0.0024099349975586
73 0.0024919509887695
74 0.0025091171264648
75 0.0027890205383301
76 0.0026891231536865
77 0.0033121109008789
78 0.0028040409088135
79 0.002439022064209
80 0.0024259090423584
81 0.0023958683013916
82 0.0024421215057373
83 0.0024869441986084
84 0.0025210380554199
85 0.0028820037841797
86 0.0024700164794922
87 0.0026149749755859
88 0.0023798942565918
89 0.0027530193328857
90 0.0024991035461426
91 0.0039811134338379
92 0.0026979446411133
93 0.0025088787078857
94 0.0023930072784424
95 0.0024299621582031
96 0.002457857131958
97 0.002640962600708
98 0.0023958683013916
99 0.0028660297393799
