0 0.00418400764465331 0.0020329952239992 0.00180792808532713 0.00179386138916024 0.00182294845581055 0.00176501274108896 0.00193285942077647 0.00183796882629398 0.00229501724243169 0.002490997314453110 0.002110958099365211 0.001794099807739312 0.001886844635009813 0.002507925033569314 0.002138137817382815 0.001855850219726616 0.001852035522460917 0.002589941024780318 0.002592086791992219 0.002014875411987320 0.00181698799133321 0.001905202865600622 0.001904964447021523 0.002414941787719724 0.001900911331176825 0.001840829849243226 0.00262689590454127 0.002511978149414128 0.001848936080932629 0.002475976943969730 0.001887798309326231 0.001811027526855532 0.001920938491821333 0.001775979995727534 0.002403020858764635 0.001990079879760736 0.001876115798950237 0.001857995986938538 0.001980066299438539 0.002508878707885740 0.001878976821899441 0.001898050308227542 0.001794099807739343 0.001954078674316444 0.002528905868530345 0.0019929409027146 0.001818895339965847 0.001797914505004948 0.002226114273071349 0.002143144607543950 0.001848936080932651 0.001791954040527352 0.001839160919189553 0.001843929290771554 0.002395868301391655 0.001807928085327156 0.001866817474365257 0.001883029937744158 0.002074956893920959 0.001900911331176860 0.001806974411010761 0.002372026443481462 0.001899957656860463 0.001868009567260764 0.002398967742919965 0.00221610069274966 0.001837968826293967 0.001799106597900468 0.001771926879882869 0.001813888549804770 0.001873970031738371 0.002519130706787172 0.001785993576049873 0.00192499160766674 0.002012014389038175 0.002233028411865276 0.001838922500610477 0.001815080642700278 0.001889944076538179 0.002499103546142680 0.002541065216064581 0.00185918807983482 0.001847028732299883 0.001836061477661184 0.002265930175781285 0.002050161361694386 0.001806020736694387 0.002506017684936588 0.001808881759643689 0.002652883529663190 0.002660036087036191 0.001801013946533292 0.001885890960693493 0.0019319057464694 0.001797199249267695 0.001798868179321396 0.001873016357421997 0.001802206039428798 0.001872062683105599 0.00235605239868160 0.0021970272064209
1 0.0019018650054932
2 0.0020091533660889
3 0.0018079280853271
4 0.0018417835235596
5 0.0017988681793213
6 0.0019128322601318
7 0.0018188953399658
8 0.0027201175689697
9 0.0026190280914307
10 0.0020949840545654
11 0.0017919540405273
12 0.0018990039825439
13 0.0022830963134766
14 0.002173900604248
15 0.0019259452819824
16 0.0018060207366943
17 0.0029768943786621
18 0.0023629665374756
19 0.0023808479309082
20 0.002363920211792
21 0.0019030570983887
22 0.0017769336700439
23 0.0017740726470947
24 0.0017850399017334
25 0.0017600059509277
26 0.0018379688262939
27 0.0017778873443604
28 0.0018970966339111
29 0.0024380683898926
30 0.0017960071563721
31 0.0019049644470215
32 0.0018081665039062
33 0.0026848316192627
34 0.0018551349639893
35 0.0018229484558105
36 0.0025110244750977
37 0.0018091201782227
38 0.0018529891967773
39 0.0028951168060303
40 0.0019271373748779
41 0.0017910003662109
42 0.0019528865814209
43 0.0018789768218994
44 0.0018191337585449
45 0.0017859935760498
46 0.0019018650054932
47 0.0018959045410156
48 0.0018689632415771
49 0.0019078254699707
50 0.0018668174743652
51 0.0019268989562988
52 0.0018579959869385
53 0.0019569396972656
54 0.0018141269683838
55 0.0018219947814941
56 0.0026719570159912
57 0.0025439262390137
58 0.0019299983978271
59 0.0024371147155762
60 0.0019159317016602
61 0.0018939971923828
62 0.0019969940185547
63 0.0018730163574219
64 0.0017690658569336
65 0.0017719268798828
66 0.0020139217376709
67 0.0026509761810303
68 0.0024998188018799
69 0.0018348693847656
70 0.0018260478973389
71 0.0019330978393555
72 0.0018939971923828
73 0.0019030570983887
74 0.0019130706787109
75 0.0024089813232422
76 0.001896858215332
77 0.0018289089202881
78 0.0028510093688965
79 0.0018260478973389
80 0.0018320083618164
81 0.0018980503082275
82 0.0018298625946045
83 0.0017580986022949
84 0.0018219947814941
85 0.0018939971923828
86 0.0019998550415039
87 0.0018870830535889
88 0.0019681453704834
89 0.0021140575408936
90 0.0017569065093994
91 0.0022120475769043
92 0.0020220279693604
93 0.0019629001617432
94 0.0017950534820557
95 0.0019218921661377
96 0.001751184463501
97 0.0018110275268555
98 0.001788854598999
99 0.0021529197692871
