0 0.0985710620880131 8.2015991210938E-52 6.6041946411133E-53 6.7949295043945E-54 6.3180923461914E-55 6.413459777832E-56 6.6995620727539E-57 7.7962875366211E-58 7.8916549682617E-59 7.7009201049805E-510 7.9154968261719E-511 6.7949295043945E-512 7.7962875366211E-513 7.7962875366211E-514 8.7976455688477E-515 6.8187713623047E-516 6.6041946411133E-517 7.9870223999023E-518 6.6995620727539E-519 7.9154968261719E-520 6.6995620727539E-521 0.0001008510589599622 6.7949295043945E-523 8.082389831543E-524 7.7009201049805E-525 7.7009201049805E-526 0.0001199245452880927 7.1048736572266E-528 8.8930130004883E-529 0.0001080036163330130 8.0108642578125E-531 7.9870223999023E-532 7.7009201049805E-533 8.2015991210938E-534 5.9843063354492E-535 8.082389831543E-536 7.9154968261719E-537 7.2002410888672E-538 6.8902969360352E-539 6.3896179199219E-540 6.6995620727539E-541 6.9141387939453E-542 6.8902969360352E-543 7.4863433837891E-544 0.000122070312545 6.9141387939453E-546 6.9856643676758E-547 8.9883804321289E-548 7.9870223999023E-549 7.8916549682617E-550 7.0095062255859E-551 7.6055526733398E-552 7.7009201049805E-553 6.6995620727539E-554 7.7009201049805E-555 6.5088272094727E-556 8.2969665527344E-557 6.6041946411133E-558 8.0108642578125E-559 6.6995620727539E-560 7.1048736572266E-561 7.2002410888672E-562 9.7036361694336E-563 6.5088272094727E-564 7.9154968261719E-565 8.2969665527344E-566 8.2015991210938E-567 9.0122222900391E-568 7.8916549682617E-569 8.2015991210938E-570 8.1062316894531E-571 7.2956085205078E-572 8.4161758422852E-573 8.2969665527344E-574 8.4161758422852E-575 7.8916549682617E-576 6.9856643676758E-577 8.2969665527344E-578 7.7962875366211E-579 7.7962875366211E-580 8.2015991210938E-581 6.6995620727539E-582 6.5088272094727E-583 7.2002410888672E-584 8.1062316894531E-585 8.702278137207E-586 7.8916549682617E-587 6.4849853515625E-588 6.9141387939453E-589 9.4890594482422E-590 8.2969665527344E-591 6.6995620727539E-592 6.7949295043945E-593 6.3180923461914E-594 6.6995620727539E-595 6.5803527832031E-596 8.0108642578125E-597 7.319450378418E-598 8.2969665527344E-599 8.1062316894531E-50 0.001716136932373
1 6.413459777832E-5
2 9.1075897216797E-5
3 7.4863433837891E-5
4 6.4849853515625E-5
5 6.8187713623047E-5
6 7.7962875366211E-5
7 7.0095062255859E-5
8 7.2002410888672E-5
9 8.2969665527344E-5
10 7.4148178100586E-5
11 8.3208084106445E-5
12 9.3936920166016E-5
13 7.9154968261719E-5
14 0.00012993812561035
15 7.7009201049805E-5
16 6.6995620727539E-5
17 7.2956085205078E-5
18 7.5817108154297E-5
19 7.0810317993164E-5
20 7.2002410888672E-5
21 8.2015991210938E-5
22 8.5830688476562E-5
23 6.6995620727539E-5
24 7.7962875366211E-5
25 8.1062316894531E-5
26 7.6055526733398E-5
27 8.0108642578125E-5
28 6.8902969360352E-5
29 7.9870223999023E-5
30 7.2002410888672E-5
31 7.9870223999023E-5
32 7.7962875366211E-5
33 0.00010299682617188
34 7.4148178100586E-5
35 8.4877014160156E-5
36 7.1048736572266E-5
37 6.9856643676758E-5
38 7.9870223999023E-5
39 8.2969665527344E-5
40 7.7009201049805E-5
41 6.6995620727539E-5
42 5.8174133300781E-5
43 7.0095062255859E-5
44 6.9856643676758E-5
45 6.9856643676758E-5
46 7.6055526733398E-5
47 7.5101852416992E-5
48 7.3909759521484E-5
49 7.3909759521484E-5
50 6.6041946411133E-5
51 6.6995620727539E-5
52 8.7976455688477E-5
53 7.7962875366211E-5
54 6.9141387939453E-5
55 7.9870223999023E-5
56 7.7009201049805E-5
57 6.4849853515625E-5
58 7.6055526733398E-5
59 9.7990036010742E-5
60 8.9883804321289E-5
61 7.2956085205078E-5
62 8.2015991210938E-5
63 7.0095062255859E-5
64 7.0810317993164E-5
65 6.9141387939453E-5
66 6.9141387939453E-5
67 7.3909759521484E-5
68 8.2969665527344E-5
69 7.8916549682617E-5
70 7.8916549682617E-5
71 7.5101852416992E-5
72 7.5817108154297E-5
73 8.5830688476562E-5
74 7.2002410888672E-5
75 8.9883804321289E-5
76 0.00010108947753906
77 6.2942504882812E-5
78 8.2969665527344E-5
79 7.5101852416992E-5
80 6.9141387939453E-5
81 8.0108642578125E-5
82 0.00010204315185547
83 7.7009201049805E-5
84 7.8916549682617E-5
85 7.0095062255859E-5
86 6.7949295043945E-5
87 7.4863433837891E-5
88 6.8902969360352E-5
89 6.3896179199219E-5
90 6.4849853515625E-5
91 6.5088272094727E-5
92 0.00010490417480469
93 8.2015991210938E-5
94 7.7962875366211E-5
95 7.6055526733398E-5
96 8.2969665527344E-5
97 7.7962875366211E-5
98 7.7962875366211E-5
99 8.0108642578125E-5
