0 0.000170946121215821 0.000192880630493162 0.000155210494995123 0.000143051147460944 0.000149011611938485 0.000144004821777346 0.000154018402099617 0.000176191329956058 0.000181913375854499 0.000228166580200210 0.0001959800720214811 0.000152826309204112 0.0001749992370605513 0.0002300739288330114 0.0002150535583496115 0.0001511573791503916 0.0001502037048339817 0.0002319812774658218 0.0001928806304931619 0.0002357959747314520 0.0001499652862548821 0.0001471042633056622 0.0001468658447265623 0.000212907791137724 0.0002009868621826225 0.0001862049102783226 0.0002319812774658227 0.0002169609069824228 0.0001947879791259829 0.0002200603485107430 0.0001931190490722731 0.0001850128173828132 0.0001871585845947333 0.0001850128173828134 0.0001440048217773435 0.0001618862152099636 0.0001451969146728537 0.0002210140228271538 0.0001881122589111339 0.0002398490905761740 0.0001587867736816441 0.0001869201660156242 0.0001499652862548843 0.0001800060272216844 0.0001809597015380945 0.0001869201660156246 0.0001759529113769547 0.000151872634887748 0.0001771450042724649 0.0002329349517822350 0.0001509189605712951 0.0001919269561767652 0.000183820724487353 0.0001609325408935554 0.0001509189605712955 0.0001628398895263756 0.0001890659332275457 0.0001440048217773458 0.0002520084381103559 0.0001740455627441460 0.000152111053466861 0.0001840591430664162 0.0001819133758544963 0.0002050399780273464 0.0001859664916992265 0.0002079010009765666 0.0001928806304931667 0.0001900196075439568 0.0002019405364990269 0.0001900196075439570 0.0001668930053710971 0.000213861465454172 0.0002028942108154373 0.0001821517944335974 0.0001728534698486375 0.0002319812774658276 0.0001540184020996177 0.0001859664916992278 0.000152111053466879 0.0002331733703613380 0.0002529621124267681 0.0001480579376220782 0.000152111053466883 0.0001859664916992284 0.0002119541168212985 0.0002310276031494186 0.0001900196075439587 0.0001769065856933688 0.0001561641693115289 0.0001609325408935590 0.0002548694610595791 0.0001540184020996192 0.0001490116119384893 0.0001449584960937594 0.0001471042633056695 0.0001449584960937596 0.0001881122589111397 0.0001909732818603598 0.0001609325408935599 0.000226020812988280 0.0001530647277832
1 0.00015997886657715
2 0.00019383430480957
3 0.00014901161193848
4 0.00014686584472656
5 0.00018596649169922
6 0.00017786026000977
7 0.00019097328186035
8 0.00018692016601562
9 0.00017189979553223
10 0.00021195411682129
11 0.00018906593322754
12 0.00019097328186035
13 0.00018501281738281
14 0.00038504600524902
15 0.00018906593322754
16 0.00015091896057129
17 0.00022602081298828
18 0.00019001960754395
19 0.00014996528625488
20 0.00020813941955566
21 0.00020313262939453
22 0.00019502639770508
23 0.00016188621520996
24 0.00018906593322754
25 0.00019192695617676
26 0.00018906593322754
27 0.00018811225891113
28 0.00016999244689941
29 0.00015401840209961
30 0.00020503997802734
31 0.00018596649169922
32 0.00018715858459473
33 0.00029802322387695
34 0.0001990795135498
35 0.00019192695617676
36 0.0001528263092041
37 0.00015997886657715
38 0.00015497207641602
39 0.00019407272338867
40 0.00015902519226074
41 0.00015091896057129
42 0.00020003318786621
43 0.00018811225891113
44 0.00017881393432617
45 0.00018477439880371
46 0.00017595291137695
47 0.00016212463378906
48 0.00014901161193848
49 0.00021004676818848
50 0.00014805793762207
51 0.00016093254089355
52 0.00016999244689941
53 0.00020003318786621
54 0.00015091896057129
55 0.00019001960754395
56 0.00022983551025391
57 0.00019311904907227
58 0.00020194053649902
59 0.00026702880859375
60 0.00020694732666016
61 0.00018000602722168
62 0.00018715858459473
63 0.00017595291137695
64 0.00014686584472656
65 0.00014901161193848
66 0.00015115737915039
67 0.00023293495178223
68 0.00021886825561523
69 0.00020599365234375
70 0.00018501281738281
71 0.00014805793762207
72 0.00022506713867188
73 0.00019693374633789
74 0.00019383430480957
75 0.00015687942504883
76 0.00017881393432617
77 0.00018501281738281
78 0.00026297569274902
79 0.00020694732666016
80 0.00014901161193848
81 0.00018692016601562
82 0.00020384788513184
83 0.00018692016601562
84 0.00018191337585449
85 0.00017714500427246
86 0.00023794174194336
87 0.00014686584472656
88 0.00020384788513184
89 0.00018191337585449
90 0.00018000602722168
91 0.00018596649169922
92 0.00018501281738281
93 0.00019598007202148
94 0.00018095970153809
95 0.00018620491027832
96 0.00019001960754395
97 0.00018405914306641
98 0.00019121170043945
99 0.00019192695617676
